7
1000
1 2 2 1 1 3 2 3 3 4 4 3 4 1 3 2
4
1 2 2 1 1 3 2 3 3 4
14
11 12 12 11 11 13 12 13 13 14
24
1 2 2 1 1 3 2 3 3 4 11 12 12 11 11 13 12 13 13 14 21 22 22 21 21 23 22 23 23 24
40
1 2 2 1 1 3 2 3 3 4 4 3 4 1 4 2
6
1 2 2 1 2 3 4 5 5 1 1 4
200
1 2 2 1 2 3 4 5 5 1 1 4 11 12 12 11 12 13 14 15 15 11 11 14 21 22 22 21 22 23 24 25 25 21 21 24 41 42 42 41 42 43 44 45 45 41 41 44 50 10 20 10 61 62 62 16 62 63 64 65 65 61 61 64 61 72 72 71 44 71 72 73 74 75 75 71 71 74 71 72 72 71 72 73 71 73 74 75 75 71 71 74 71 72 72 71 72 73 74 75 75 71 71 74