100
42
8
5 1 5 5 4 4 3 5 1 1 2 3 2 2 1 3 3 2 2 5 3 4 3 3 2 2 4 1 3 2 2 4 5 3 3 5 1 5 4 2 3 4 
74 65 42 12 54 69 48 45 63 58 38 60 24 42 30 79 17 36 91 43 89 7 41 43 65 49 47 6 91 30 71 51 7 2 94 49 30 24 85 55 57 41 
17
17
2 4 5 5 2 4 3 4 4 3 5 2 4 1 5 4 5 
31 78 7 74 87 22 46 25 73 71 30 78 74 98 13 87 91 
12
17
1 3 1 5 2 3 1 1 2 5 2 1 
8 92 8 38 58 88 54 84 46 10 10 59 
22
9
3 2 2 1 4 4 1 2 3 1 1 5 5 3 4 4 1 2 3 1 2 2 
75 21 97 22 49 100 69 85 82 35 54 100 19 39 1 89 28 68 29 94 49 84 
8
2
1 3 4 5 5 2 1 2 
50 50 20 57 99 4 50 9 
45
10
5 3 1 1 4 4 4 3 5 4 4 1 4 4 1 2 4 2 5 4 5 3 3 3 4 3 4 5 1 3 4 2 1 4 2 2 3 5 3 1 4 2 3 2 1 
34 70 43 45 17 82 99 23 52 22 100 58 77 93 90 76 13 1 11 4 70 62 89 2 90 56 24 3 86 83 86 89 27 18 58 33 33 70 55 22 90 77 30 69 93 
26
16
5 5 2 3 1 1 4 4 5 4 5 2 3 5 5 3 2 5 4 1 3 2 2 1 4 3 
56 35 15 2 17 72 87 64 14 56 86 54 13 9 33 46 14 57 22 59 47 83 82 45 97 23 
30
2
1 1 4 2 5 5 3 5 4 5 5 1 1 5 2 4 5 3 4 4 3 1 4 2 3 1 3 5 5 5 
35 75 73 60 34 71 88 98 19 78 74 71 64 69 93 86 3 81 14 28 3 100 28 26 44 25 24 73 62 82 
4
13
1 4 1 2 
93 43 23 87 
15
4
3 1 4 5 1 1 1 4 2 1 2 3 1 1 1 
95 96 25 20 26 77 95 59 3 72 67 79 94 52 85 
19
5
5 3 1 3 1 2 1 3 1 1 2 3 4 4 5 5 3 2 1 
88 78 75 26 28 30 29 24 21 3 63 24 97 38 62 96 26 65 61 
3
17
1 2 2 
72 12 48 
4
1
1 1 1 1 
41 52 63 30 
1
14
4 
79 
16
8
3 1 4 5 4 1 3 5 3 4 4 3 2 1 1 4 
94 85 6 41 12 5 36 57 73 51 24 86 57 17 27 58 
27
18
3 2 5 2 2 3 3 3 3 2 1 2 4 5 5 1 5 3 2 1 4 3 5 5 5 3 3 
70 33 64 8 84 12 36 68 49 76 39 24 43 55 12 42 76 60 26 22 71 27 35 6 84 51 99 
30
2
4 5 3 5 2 4 2 1 3 4 2 1 4 2 1 1 3 3 2 3 5 4 3 4 2 4 1 4 1 3 
19 11 18 33 13 96 70 32 41 89 86 91 98 90 91 46 54 15 52 41 45 59 36 60 93 6 65 82 4 30 
26
9
3 3 5 2 2 3 3 2 5 1 4 5 2 3 1 4 4 3 5 2 3 5 1 4 3 5 
76 87 99 71 88 48 5 4 22 64 7 64 11 72 90 41 65 43 20 14 92 5 19 33 51 6 
26
20
4 3 4 3 5 4 2 5 4 1 1 3 2 4 5 3 5 1 5 5 1 1 1 4 4 1 
2 24 33 73 53 88 71 64 2 4 24 28 1 70 16 66 29 44 48 89 44 38 10 64 50 82 
39
3
4 1 2 4 5 4 2 1 5 4 1 1 4 3 2 4 1 2 1 4 4 5 5 4 4 5 3 2 5 1 4 2 2 1 1 2 5 2 5 
16 65 43 76 14 43 97 49 73 27 7 74 30 5 6 27 13 76 94 66 37 37 42 15 95 57 53 37 39 83 56 16 32 31 42 26 12 38 87 
41
11
3 5 4 4 2 3 4 3 4 5 4 5 4 2 4 5 3 4 5 4 1 1 4 4 1 1 2 5 4 2 4 5 3 2 5 4 3 4 5 1 3 
24 32 70 79 60 9 20 72 4 46 82 5 93 86 14 99 90 23 39 38 11 62 35 9 62 60 94 16 70 38 70 59 1 72 65 18 16 56 16 31 40 
13
9
3 5 1 1 5 5 1 1 2 2 1 5 1 
99 74 89 78 33 57 90 14 9 42 91 24 64 
29
5
4 1 2 1 5 2 4 3 4 1 4 1 2 5 1 4 5 4 2 1 2 5 3 4 5 5 2 1 2 
17 17 27 67 88 82 65 41 87 22 63 22 65 10 16 3 74 25 42 46 63 24 32 7 69 19 3 8 8 
32
13
2 1 5 5 5 2 1 4 2 3 5 1 4 4 2 3 2 5 5 4 3 5 1 3 5 5 4 4 4 2 5 4 
87 97 63 34 59 23 47 93 38 26 48 59 3 8 99 31 93 1 79 100 53 49 83 41 16 76 63 68 37 98 19 98 
29
12
2 1 5 1 4 5 1 1 1 3 3 1 1 3 2 5 4 2 5 2 4 5 4 4 1 1 2 1 1 
29 35 71 6 65 58 63 62 25 50 70 31 24 51 34 26 11 38 37 38 79 94 37 15 65 92 50 36 6 
38
5
3 4 5 1 4 4 2 1 3 4 3 5 2 2 2 3 5 1 5 5 4 2 2 5 5 1 1 1 2 1 1 5 5 2 4 5 5 1 
96 74 90 62 73 69 59 32 69 27 11 23 75 80 11 53 83 92 96 65 75 65 3 56 61 75 73 22 23 48 78 90 6 96 95 51 44 55 
32
13
3 5 4 3 3 3 4 1 4 4 5 5 5 2 5 4 1 2 2 1 3 3 3 3 2 5 3 2 4 3 2 2 
84 49 24 83 19 77 21 12 83 57 91 26 25 87 78 70 44 35 78 69 69 92 97 84 29 28 27 72 98 13 4 28 
9
6
4 1 4 3 4 4 2 1 4 
12 51 50 93 55 70 82 66 68 
14
14
5 3 3 1 2 3 3 3 1 3 5 2 1 4 
38 24 80 96 70 28 43 11 83 59 27 88 71 29 
2
19
4 1 
84 87 
43
11
3 4 5 2 4 4 3 1 4 2 3 1 5 4 4 2 4 2 3 4 5 1 1 1 2 2 4 1 1 4 4 3 4 1 2 1 1 5 3 3 3 4 3 
70 45 95 9 53 48 33 36 9 65 98 44 50 16 42 90 1 13 49 24 52 75 34 92 1 55 91 98 20 81 79 32 45 41 88 100 26 84 39 93 94 53 12 
11
15
1 3 1 5 1 1 2 3 1 5 4 
80 72 78 74 94 21 98 27 77 91 83 
29
20
4 5 5 5 5 3 1 4 3 4 3 4 1 3 2 5 3 2 5 2 2 1 4 4 2 3 3 2 5 
14 63 97 61 16 5 100 37 81 99 33 88 85 41 18 7 71 42 83 50 24 59 6 22 96 97 17 79 79 
30
19
3 1 3 5 2 1 4 2 4 5 5 1 4 4 3 4 5 5 4 1 2 4 3 4 2 2 5 2 3 3 
30 17 75 92 70 13 47 94 92 16 50 58 41 53 37 52 88 27 63 56 84 95 81 98 66 66 14 62 79 79 
29
1
2 3 1 1 1 5 1 5 4 1 5 3 3 3 2 3 3 3 1 2 2 3 1 5 2 4 2 3 4 
47 77 60 90 23 67 87 56 29 15 61 54 78 49 4 62 32 83 56 98 7 53 22 97 82 22 56 48 25 
19
16
2 5 5 4 5 4 3 1 4 4 4 3 3 1 2 4 1 2 2 
100 56 64 17 74 62 46 74 75 51 54 82 88 100 11 44 66 73 30 
32
13
2 2 3 1 2 1 3 3 5 1 1 2 4 4 2 4 4 2 2 2 2 3 1 5 5 4 5 5 5 4 3 1 
27 85 69 7 29 98 19 91 100 86 87 100 21 11 72 14 16 86 19 81 32 68 88 45 87 8 61 28 75 32 53 72 
19
14
1 3 2 5 3 2 4 3 4 1 3 3 4 4 1 5 3 2 4 
85 88 62 94 18 2 83 48 66 54 5 85 96 26 22 65 82 73 7 
7
4
4 1 1 4 2 4 4 
52 17 80 69 41 32 34 
30
4
5 4 2 1 1 5 1 1 1 2 1 1 2 4 5 2 3 3 1 1 1 3 1 3 1 2 3 3 4 1 
41 77 59 94 41 47 75 74 98 81 36 73 1 8 56 67 42 89 82 69 16 97 26 10 13 37 56 63 44 43 
22
3
3 4 4 4 3 5 1 1 1 5 5 1 4 1 5 5 1 2 2 2 3 4 
34 30 88 43 54 84 21 15 19 45 64 30 53 65 70 71 6 48 95 88 27 77 
24
1
5 1 4 1 2 1 2 1 4 5 1 4 5 2 3 1 3 2 4 4 1 5 4 1 
63 66 2 6 8 68 70 35 72 58 99 46 98 19 39 45 73 64 29 65 2 24 91 5 
2
8
3 3 
72 64 
2
4
2 1 
22 46 
11
16
2 3 3 2 1 1 4 4 5 3 4 
55 23 8 46 39 45 91 40 55 5 24 
26
19
5 2 1 4 4 5 1 2 3 1 1 2 1 5 4 4 1 3 5 1 5 4 3 5 1 3 
94 56 35 62 57 7 85 76 83 20 42 33 85 80 80 84 68 37 26 19 38 29 20 78 38 92 
7
16
1 2 4 3 2 1 1 
8 85 75 20 91 77 42 
2
10
1 5 
73 92 
40
8
1 5 4 4 4 2 4 1 2 5 1 5 4 4 4 5 1 2 4 2 3 4 4 2 5 4 2 4 4 5 4 5 3 3 3 2 3 2 2 3 
14 1 17 91 63 36 27 11 78 83 61 90 6 75 64 23 96 67 61 39 89 12 46 68 26 68 90 43 64 48 3 18 100 24 27 4 49 52 71 37 
9
8
2 1 2 3 5 1 2 2 1 
45 92 4 89 16 51 20 73 92 
34
14
1 3 5 1 5 4 1 3 4 4 1 4 1 4 3 2 2 1 4 2 4 3 3 4 5 3 4 1 3 4 3 1 1 4 
62 43 95 100 89 79 43 58 42 48 70 46 81 14 65 11 62 86 74 5 63 4 3 70 55 30 53 75 50 31 45 45 50 19 
16
4
3 4 1 2 3 2 5 4 4 4 3 5 4 4 3 4 
64 35 51 23 41 12 93 52 81 78 17 77 79 21 16 49 
49
20
1 3 4 3 3 3 1 1 3 4 2 2 4 3 3 3 4 3 5 1 5 3 5 2 4 1 4 2 5 3 1 3 5 3 1 4 2 1 1 3 2 2 5 4 1 4 3 4 1 
75 94 83 4 62 91 63 8 98 52 24 91 18 41 4 67 84 62 60 46 87 52 66 2 41 10 98 84 51 59 22 76 82 88 72 88 100 5 80 39 1 31 62 19 6 41 29 60 23 
49
1
4 1 2 5 3 4 2 2 2 4 1 4 2 1 3 2 1 3 4 4 1 1 2 2 5 5 4 4 4 3 4 4 3 4 1 2 5 4 3 4 5 4 5 3 5 2 5 1 4 
50 37 100 24 44 32 55 62 35 86 68 17 94 5 67 54 9 24 85 93 68 49 70 31 12 15 91 28 44 5 100 75 96 7 59 90 59 10 90 48 41 19 65 76 27 90 4 67 13 
41
11
2 1 2 2 2 5 3 4 1 1 1 2 1 2 4 3 3 3 5 1 3 3 1 4 2 5 4 4 1 1 1 1 4 2 1 1 3 4 5 2 1 
37 35 2 38 11 75 91 57 72 81 36 46 83 26 19 74 13 38 99 6 63 18 93 40 48 47 4 32 16 40 59 30 46 95 100 46 73 76 63 73 74 
31
19
3 3 4 4 3 1 5 2 4 3 5 2 4 5 4 2 2 4 3 1 5 2 1 2 3 3 4 1 5 2 3 
8 94 85 45 60 22 59 44 69 78 20 58 42 92 65 24 16 73 30 42 16 16 37 58 60 1 53 94 42 30 49 
28
19
5 5 5 4 1 4 1 3 5 5 5 4 4 1 1 5 4 1 3 1 3 3 3 5 5 1 5 2 
22 86 35 91 43 99 87 19 22 25 98 77 55 70 9 28 94 69 67 3 39 1 20 19 91 85 40 57 
9
13
4 5 3 5 5 1 3 5 4 
42 99 43 3 22 5 47 57 10 
34
9
2 4 2 5 1 3 3 1 2 1 4 4 3 4 4 2 5 1 2 2 3 2 5 2 4 1 5 3 3 5 2 2 5 4 
42 91 14 13 56 61 94 73 3 77 44 74 67 52 76 29 33 62 70 4 30 8 93 52 54 93 71 20 73 8 95 6 41 84 
13
10
3 4 1 2 2 5 3 5 4 5 5 2 3 
57 33 71 40 67 23 84 61 54 6 92 60 87 
38
10
3 3 1 2 4 3 5 2 4 1 5 2 4 3 2 4 5 1 4 3 5 2 3 3 3 4 1 3 4 1 3 4 2 5 2 3 5 1 
72 93 65 55 67 94 65 76 1 13 1 52 77 80 44 78 90 62 86 73 35 45 62 64 5 47 89 9 58 31 24 65 75 47 38 82 19 12 
43
12
3 4 2 2 2 1 4 5 2 1 5 3 3 5 1 2 2 3 4 4 5 4 2 4 5 2 4 3 1 3 1 3 2 3 1 2 3 2 3 1 5 4 2 
48 16 93 12 58 6 54 72 81 41 31 76 21 91 78 99 87 5 90 32 45 89 11 19 20 60 28 10 20 80 17 1 97 54 59 31 94 7 50 55 73 61 95 
5
14
2 5 2 4 5 
42 22 89 67 34 
36
11
5 2 1 4 3 3 2 4 5 3 3 4 5 4 1 1 2 4 5 3 3 5 4 1 4 4 4 4 2 2 1 5 3 5 3 3 
52 96 18 93 93 38 31 14 97 11 90 29 10 87 45 41 83 70 21 94 93 63 15 28 8 95 6 14 12 14 94 65 4 96 63 82 
47
10
4 4 5 2 5 1 3 4 1 3 3 3 3 1 3 1 1 4 2 5 1 1 2 1 3 4 3 3 5 2 2 5 1 4 4 2 1 4 4 1 1 2 1 3 1 2 1 
35 41 87 35 49 40 66 97 13 63 53 32 88 65 58 49 57 71 51 83 2 94 100 33 45 32 76 5 51 27 67 39 2 24 44 42 81 96 19 60 64 29 30 89 55 14 80 
20
7
5 3 3 3 1 3 4 3 4 4 4 4 1 3 4 4 2 4 1 2 
3 11 29 57 6 66 24 70 16 54 6 85 79 46 41 34 86 1 69 95 
34
6
4 2 3 2 1 3 3 2 2 1 1 2 3 3 4 4 4 1 2 4 3 2 5 5 3 4 1 2 5 4 2 2 2 4 
89 28 20 85 25 94 36 25 95 83 68 28 6 47 87 90 41 38 51 60 79 57 78 4 43 1 12 26 44 96 17 16 5 7 
19
2
1 4 1 4 4 3 4 3 2 5 2 5 2 4 3 2 1 1 4 
48 71 91 74 28 14 55 97 73 51 42 42 47 26 14 25 30 96 4 
45
14
3 3 1 5 2 1 5 1 1 3 2 3 4 3 3 4 4 4 5 2 1 4 4 4 1 3 5 5 4 4 2 3 2 2 2 5 4 2 2 1 5 2 4 3 2 
20 92 67 18 47 94 88 22 13 68 100 45 98 2 29 43 5 69 69 42 97 63 21 45 19 26 20 85 75 85 60 50 15 96 4 33 52 38 15 64 52 20 91 18 84 
19
5
3 2 5 4 3 3 5 4 3 4 4 3 2 5 4 3 5 5 5 
44 96 12 94 93 99 91 100 91 94 75 50 75 15 74 70 19 66 34 
39
12
3 4 4 5 4 1 2 1 2 2 4 2 4 3 3 3 4 3 4 2 2 5 2 1 2 4 4 1 3 2 2 2 1 4 2 1 5 4 2 
46 79 50 6 15 86 28 25 5 57 18 28 56 3 87 69 99 80 12 90 59 91 76 11 33 90 97 51 13 23 30 73 37 78 54 77 71 86 53 
2
18
2 2 
36 94 
23
17
2 4 2 1 4 2 5 5 2 2 3 4 4 2 2 4 3 4 5 3 5 1 1 
29 63 27 20 78 92 48 86 32 7 85 55 70 10 57 22 46 66 17 61 98 36 91 
28
10
1 2 4 1 4 3 1 3 1 3 4 1 5 5 4 1 4 1 1 5 3 3 5 5 3 1 5 3 
14 13 83 84 52 30 38 34 1 65 84 58 69 11 69 9 42 33 38 85 100 2 70 84 57 93 41 88 
13
11
1 1 4 1 3 3 5 5 4 4 4 2 5 
35 76 50 13 85 25 93 5 23 56 14 63 74 
35
1
3 4 3 3 1 3 3 2 2 3 1 2 3 5 1 4 1 3 5 3 1 2 1 4 4 3 4 1 3 3 2 3 4 4 1 
47 10 25 55 66 40 7 10 93 100 76 37 62 48 19 14 28 13 97 10 42 31 91 35 16 87 24 67 45 37 38 17 94 50 72 
45
18
1 1 1 1 1 4 4 2 5 4 2 1 2 1 2 1 5 3 4 2 5 1 4 5 2 1 1 5 4 2 2 1 1 2 4 2 3 2 3 4 5 5 1 2 1 
33 59 97 18 91 68 8 35 47 63 3 40 27 96 7 15 51 87 80 77 23 80 2 13 77 65 58 71 39 13 45 62 81 1 44 57 62 48 40 9 91 53 80 19 20 
8
5
3 3 1 4 5 2 3 5 
37 22 2 35 30 59 37 70 
48
5
4 3 1 4 3 1 2 2 5 4 3 2 4 3 1 2 4 5 5 4 5 2 2 4 5 4 3 5 5 2 5 4 5 5 5 1 3 2 2 3 3 1 2 4 1 3 1 3 
25 23 40 42 49 5 35 69 42 73 69 75 77 38 34 42 46 19 16 75 53 47 57 25 67 82 45 41 35 97 77 28 6 19 92 42 66 92 72 60 1 18 17 44 25 65 6 58 
3
7
1 2 3 
90 47 46 
4
13
2 2 4 5 
50 51 6 47 
26
11
2 1 4 4 3 2 2 1 2 3 1 1 1 3 1 1 2 2 1 5 5 5 1 3 2 2 
85 91 18 83 67 17 89 26 2 11 51 83 22 94 39 55 94 96 81 39 68 21 46 84 66 97 
34
11
3 5 5 4 3 5 4 5 4 1 3 1 2 2 4 4 4 3 5 2 3 2 5 5 2 2 3 4 3 1 3 3 4 5 
63 11 47 66 81 66 47 41 98 43 65 95 85 71 16 1 7 7 3 97 34 12 68 16 46 76 55 49 20 80 89 22 93 98 
48
10
3 2 4 3 5 3 5 5 1 1 2 5 3 1 4 1 2 5 3 4 5 5 2 5 4 3 5 2 5 1 2 5 3 5 5 4 2 1 2 5 5 4 4 3 4 5 1 3 
18 56 42 44 34 98 80 37 56 34 55 31 53 5 80 89 71 55 73 77 2 16 87 32 81 76 61 15 39 58 91 39 82 48 43 19 71 32 62 20 82 91 34 73 64 3 3 29 
22
19
3 1 2 3 2 5 3 5 4 3 1 1 5 4 3 4 4 1 1 2 4 3 
57 19 2 43 77 7 3 85 24 71 13 51 76 12 51 96 89 21 2 84 99 93 
49
5
1 3 3 4 4 5 2 2 3 3 2 4 4 1 2 2 4 5 4 1 3 2 5 1 3 3 1 1 3 1 5 4 1 4 3 2 2 1 3 1 5 1 4 1 1 4 2 2 4 
86 53 22 61 83 37 89 20 37 93 66 79 99 97 87 12 77 48 22 3 46 3 65 40 73 58 71 21 55 60 81 99 92 61 11 92 68 34 76 37 100 76 91 77 57 73 4 87 68 
16
3
1 2 2 2 3 4 2 5 1 1 4 1 1 5 5 3 
53 39 7 26 31 50 80 80 14 39 18 22 46 92 70 40 
9
6
3 4 2 1 3 4 4 4 1 
30 67 90 64 72 42 60 32 73 
15
7
4 1 4 5 1 1 5 2 4 2 3 4 4 2 3 
74 62 74 35 3 88 18 64 54 27 96 96 14 7 71 
10
6
2 4 4 3 5 5 2 4 1 1 
72 45 8 72 88 100 20 97 16 53 
43
14
3 1 5 3 2 5 1 2 5 5 4 1 4 2 4 5 2 2 4 5 1 4 5 2 5 2 1 3 2 3 1 5 4 4 4 1 3 4 2 4 3 1 1 
81 9 6 3 59 19 58 62 21 29 57 14 33 93 83 68 21 59 75 88 95 84 65 65 15 47 91 26 56 64 68 93 32 20 81 19 29 49 21 80 92 67 88 
9
7
1 5 4 1 1 5 2 3 2 
35 61 52 9 79 95 90 25 77 
45
11
5 3 5 2 3 5 4 5 5 3 3 2 2 3 5 4 5 5 1 5 2 5 4 2 4 3 2 3 1 4 2 4 3 5 4 1 2 2 3 2 5 5 3 5 3 
50 97 27 83 3 76 17 66 53 60 56 18 45 55 44 25 100 23 22 34 14 18 94 74 61 76 75 86 2 23 9 96 27 21 92 89 30 73 78 94 9 55 23 77 38 
17
4
1 3 5 4 5 5 3 3 3 5 5 5 5 4 5 2 4 
35 73 49 54 4 8 19 34 38 96 80 62 45 60 62 8 77 
23
6
3 3 4 2 2 1 1 5 2 3 2 4 5 1 2 5 1 2 2 4 1 5 2 
89 39 65 5 78 54 43 5 24 53 26 12 43 25 50 36 91 47 29 56 5 42 10 
32
20
3 4 3 3 3 5 2 3 1 1 5 5 4 5 4 1 2 4 1 2 4 5 1 1 1 4 2 1 1 5 2 3 
80 94 83 6 37 34 6 88 33 39 66 65 19 100 33 9 97 39 79 39 46 60 70 45 63 70 50 19 68 59 44 62 
4
11
2 2 4 5 
1 69 24 48 
47
7
1 1 3 1 3 4 2 4 3 5 5 4 1 4 1 3 3 5 3 5 3 1 2 1 1 2 5 1 1 1 3 5 3 3 1 3 4 4 1 5 3 4 5 2 1 5 1 
22 20 82 27 21 12 55 94 85 58 100 37 30 51 58 6 66 35 50 95 93 71 20 18 14 54 18 78 61 6 54 92 63 77 55 73 35 17 51 94 46 53 48 22 62 45 60 
17
6
5 4 3 4 5 1 3 5 1 1 4 3 2 3 5 2 5 
59 84 100 36 58 71 72 43 81 78 7 96 87 4 53 19 36 
36
9
4 1 2 5 5 1 2 3 3 2 4 4 2 4 4 4 4 1 5 2 2 2 5 5 4 5 2 5 3 2 1 3 1 5 4 4 
68 84 1 59 7 39 64 21 67 59 86 24 30 99 57 71 76 97 84 89 20 47 91 76 70 20 42 98 46 55 59 59 95 92 42 38 
